NAME	control1	control2	control3	control4	CT10A1.A	CT10A2.A	CT10A.B	BRCA1.51	BRCA1.52	BRCA1.53	BRCA1.54	Rad51.41	Rad51.42	Rad51.43	Rad51.44	Brit.2A2	Brit.2B	Brit.2C	Brit.2D
AADAT	256.56	304.78	270.96	238.6	322.06	288.78	283.25	134.09	135.47	126.58	133	121.68	131.34	108.66	118.78	110.4	122.32	127.16	126.21
ADM	2132.21	2017.45	2193.94	2243.14	3454.55	3430.52	4609.12	8723.39	10725.27	10634.54	10160.55	15919.92	14790.76	14790.76	13054.66	8290.5	8061	7901.17	7767.69
AHSA1	4137.8	4730.35	3968.53	3876.03	2820.95	2788.5	2982.08	1046.21	1120.36	1053.48	989.68	1782.07	1675.19	1541.23	1672.95	1263.24	1007.35	1057.45	955.79
ALDH3B1	250.77	223.14	255.95	242.84	453.18	398.06	269.28	1522.11	1709.81	1707.64	1811.92	1101.49	1071.62	1153.79	1191.34	2161.01	2450.97	2480.69	2343.39
ALDH6A1	295.05	318.49	289.38	293.27	374.89	362.87	229.66	970.61	942.96	957.96	1129.75	1157.91	1250.2	1206.01	1074.89	1556.67	1480	1635.35	1717.37
ALG8	3053.06	3036.93	3318.14	3197.45	2166.82	2369.33	2219.62	1226.55	1300.74	1280.16	1281.06	1082.93	1100.29	1182.47	1035.12	928.86	928.46	914.13	1017.82
ANLN	4565.45	5167.75	4128.15	4582.85	4055.85	4529.23	3684.05	1102.24	851.58	896.84	1014.54	1670.19	1384.42	1175.84	1446.86	786.18	987.06	884.15	1001.21
ARSD	220.64	212.87	217.73	198.7	371.58	354.25	619.96	829.5	854.18	831.96	853.43	924.37	919.96	891.11	959.95	1050.73	1105.63	1145.12	1155.17
ASF1B	433.5	467	418.88	388.63	517.2	496.08	700.77	137.73	134.05	146.98	144.3	138.15	134.05	122.66	136.84	223.94	209.65	199.99	194.4
ASPM	3183.36	3064.6	3093.35	3326.15	2708.85	2809.29	2475.41	1260.6	1255.59	1328.23	1387.58	1084.43	988.68	934.5	1015.87	830.24	914.56	843.5	882.43
ATP10B	107.98	88.06	93.06	94.04	105.04	87.1	137.63	998.11	1224.05	1187.28	1255.16	252.78	269.75	278	266.63	269.37	317.26	292.86	264.42
AURKB	1832.99	2338.91	1951.64	1901.51	2320.36	2262.69	1807.39	899.88	778.61	872.63	768.33	588.37	523.74	445.03	442.52	914.56	825.47	803.39	765.15
BBOX1	319.65	301.11	328.95	332.53	163.25	161.85	235.93	733.49	599.42	540.17	498.93	759.08	711.68	757.04	668.29	1348.93	1368.53	1288.39	1367.03
BLM	381	394.46	334.88	306.58	398.83	368.81	298.84	133.39	119.53	114.2	127.82	133.53	106.59	107.25	113.62	120.41	122.52	125.35	121.7
BRCA1	721	795.22	596.74	614.56	519.75	588.85	362.98	93.5	97.94	93.2	95.83	181.17	198.08	192.07	165.66	143.21	162.79	155.76	159.11
BRI3BP	1668.98	1706.08	1894.8	1766.35	1527.46	1575.98	1542.16	470.72	446.43	464.23	515.39	399.84	429.7	403.73	447.24	359.41	350.02	288.78	345.96
BTG1	8060.28	8269.31	8248	8383.04	6034.88	5738.18	7128.95	17397.59	16801.39	17837.32	16966.8	22077.5	20150	18947.97	17590.12	23986.33	26694.32	26133.8	25022.36
BTG2	174.94	168.99	168.29	197.47	263.11	257.16	225.51	661.09	532.59	593.74	570.36	888.65	998.11	925.1	1036.93	548.6	542.19	549.04	556.06
C10orf119	347.42	355.88	320.41	320.63	257.34	272.33	252.53	165.44	143.99	145.82	132.97	124.25	121.98	119.98	143.39	103.09	126.91	115.74	115.51
C10orf73	72.16	81.94	92.25	78.24	84.42	93.66	75.07	214.26	240	238.98	253.45	192	215.69	225.23	218.97	247.59	237.8	248.68	259.7
C11orf82	876.7	924.77	889.31	807.39	867.81	906.7	653.63	467.31	330.52	399.5	407.77	266.21	266.82	206.16	231.67	153.05	155.93	159.33	154.73
C13orf3	692.15	694.71	593.14	641.53	586.28	607.27	510.27	312.96	247.78	264	277	224.97	215.25	194.42	207.54	207.04	211.37	199.41	190.71
C14orf145	327.98	298.29	289.45	305.64	224.1	231.06	220.2	128.77	118.29	130.61	120.97	108.92	122.47	116.11	105.04	123.76	136.3	127.62	126.6
C15orf42	226.24	276.87	222.07	238.05	254.81	245.69	292.68	104.17	95.14	98.99	103.23	95.74	82.1	91.75	85.85	114.82	118.76	130.05	105.19
C16orf59	662.35	572.44	597.46	548.66	581.67	564.23	569.99	227.57	229.1	233.16	216.33	198.84	187.41	187.02	148.54	234.1	184.28	214.26	183.42
C16orf68	514.58	477.05	500.5	484.17	796.31	743.03	731.13	1155.23	1304.65	1207.58	1275.46	1469.29	1311.56	1379.26	1345.3	1400	1205.96	1258.13	1232.51
C17orf41	284.47	290.23	247.54	255.38	236.08	235.74	248.68	130.34	110.05	112.8	115.32	119.7	112.47	112.77	104.71	92.4	98.73	97.4	100.58
C1orf112	873.33	894.62	824.55	841.02	664.27	605.41	567.07	352.34	299.02	324.23	292.04	215.01	189.11	203.29	184.11	276	234.6	242.94	223.05
C1orf54	125.32	115.78	105.21	127.74	130.16	123.83	163.88	253.99	268	274.27	267.03	280.29	309.11	314.75	284.26	306.32	269.19	258.28	289.98
C1QTNF6	598.22	553.91	533.49	579.87	328.35	332.52	499.39	165.89	205.94	178.66	177.01	253.18	230.06	217.37	224.41	228.43	228.85	225.85	232.79
C20orf19	261.36	232.31	212.36	244.81	188.12	197.69	290.81	711.68	913.91	773.74	834.86	1285.55	1387.11	1287.53	1171.77	588.85	592.23	561.26	632.14
C20orf82	344.46	353.5	342.76	321.35	227.27	230.93	414.2	91.63	87.26	96.32	84.92	132.3	123.55	119.29	121.07	129.55	123.66	153.15	149.49
C4orf34	853.88	883.78	779.96	937.39	680.06	621.65	719.57	3047.43	3436.48	3309.72	3462.46	2449.68	2296.28	2184.33	2331.6	1519.63	1659.86	1603.41	1711.95
C5orf38	105.16	90.74	107.71	109.87	91.18	108.53	94.99	217.17	217.03	219.56	203.57	336.3	333.2	315.32	331.4	290.91	255.25	259.55	234.32
C6orf48	438	385.46	480.35	444.9	252.6	242.07	197.37	1956.27	2352.44	2518.17	2369.76	1736.55	1894.8	2450.83	2159.38	1095.59	835.67	914.93	881.94
CBLB	485.15	509.89	540.37	525.28	359.66	378.46	359.77	1101.2	1164.74	1068.25	1259.62	969.74	973.65	912.52	975.58	974.13	1138.07	1053.49	969.97
CCDC138	281.41	337.7	266.75	261.72	284.53	247.43	183.93	129.73	87.83	119.65	109.41	113.23	107.22	96.8	93.35	110.9	111.31	123.53	113.07
CCDC92	730.76	654.28	728.91	641.34	525.78	491.16	787.91	1210.07	1496.05	1271.1	1205.19	1473.87	1521.52	1387.11	1251.47	1792.46	1527.46	1492.41	1368.53
CCNA2	2495.01	2793.34	2602.74	2707.16	2380.88	2184.48	1727.62	907.01	713.21	819.59	768.95	667.68	584.99	615.91	578.99	477.28	498.23	491.54	592.23
CCNB1	3631.24	3461.33	3262.3	3054.55	3135.53	3325.96	3206.32	1551.32	1468.5	1434.43	1551.32	1306.74	1243.63	1149.63	1282.88	1124.55	1288.39	1134.48	1349.49
CCNB1IP1	648.25	645.74	686.31	668.13	532.71	529.1	692.78	1432.7	1460.3	1387.58	1406.83	1746.6	1863.27	1764.51	1746.6	2141.72	2280.73	2154.97	2280.73
CCNE1	378.44	387.24	388.32	366.46	321.82	291.18	268.62	126.64	114.18	107.14	123.74	127.7	125.58	112.46	115.11	143.78	135.91	149.46	146.12
CD68	498.75	471.44	410.19	405.59	467.17	494.52	514.99	2037.1	1980.33	1917.42	1988.79	1067.58	996.82	1170.87	1080.28	2046.43	1769.76	1936.38	1628.48
CDC7	760.13	846.35	760.89	792.89	923.14	930.24	763.82	253.62	183.31	225.56	238.66	265.74	241.69	258.34	251.41	211.49	233.77	236.51	234.95
CDCA2	599.63	675.09	631.31	577.97	638.2	559	509.69	301.55	234.79	255.47	271.39	290.94	226.85	219.74	215.69	181.53	188.25	200.99	176.24
CDCA3	1268.36	1348.3	1278.29	1141.8	1494.52	1492.41	1268.85	442.78	404.88	402.14	378.33	347.3	338.36	317.86	322.87	505.88	518.62	454.69	522.25
CDCA5	2394.67	2625.5	2490.33	2243.93	2783.92	2587.88	2396.38	804.89	656.16	752.68	778.01	549.89	490.88	526	493.52	1131.24	1140.58	1153.38	1329.55
CDCA7	4777.28	5005.98	4604.29	4486.32	3443.58	3311.12	1770.64	761.57	587.04	679.9	621.1	512.87	429.47	433.11	396.1	598.98	563.83	603.22	578.95
CDCA8	754.14	902.32	761.78	798.36	1201.55	1095.59	1077.13	459.84	393.05	468.28	403.79	336.22	311.61	303.96	317.63	466.29	412.46	420.62	464.25
CDKN1C	122.24	105.33	126.97	143.78	80.55	89.19	111.03	282.44	300.28	289.07	309.38	312.19	336.14	341.06	306.68	626.87	509.15	540.99	549.61
CENPJ	669.8	734.99	661.27	624.31	633.88	670.92	627.15	221.9	193.13	193.01	212.95	224.06	207.7	217.12	218.49	238.66	292.29	272.43	305.88
CHAF1A	582.06	626.71	551.3	527.98	397.77	384.15	436.66	197.39	182.9	179.45	198.56	146.54	145.23	143.08	125.52	180.58	171.3	168.22	154.5
CHAF1B	1013.9	964.76	915.38	904.61	725.05	705.21	607.27	313.7	334.15	308.15	329.29	262.97	248.04	247.15	241.05	252.92	252.42	250.61	248.47
CHEK1	1275.46	1466.01	1300.74	1282.88	973.67	904.58	753.59	474.87	353.97	437.14	427.14	385.89	399.61	392.13	328.34	420.33	437.61	455.16	442.28
CHRNA5	447.94	497	439.85	422.2	307.88	302.35	181.92	112.77	109.56	107.09	105.27	105.61	97.03	106.46	98.42	120.43	116.2	126.55	122.08
CKB	107.55	89.16	107.9	100.11	95.61	98.47	91.2	216.13	234.87	231.8	229.01	213.66	235.32	207.19	240.64	821.14	696.41	778.11	691.12
CPE	140.8	123.92	122.59	129.66	204.91	231.45	227.34	353.63	342.2	334.41	347.52	716.91	714.65	633.4	623.06	537.72	568.11	595.07	567.55
CRIP2	342.91	274.22	318.1	322.25	315.57	262.38	295.44	665.94	692.4	657.57	596.04	811.02	833.13	875.46	635.47	2741.13	2279.14	2258.56	2227.19
CRYAB	165.06	192.32	122.01	133.5	367.09	338.75	251.12	728.37	843.38	805.1	726.75	1875.59	1923.01	2183.39	1961.39	1087.39	962.06	950.86	891.85
CSE1L	593.14	643.13	617.13	623.42	638.49	608.85	565.62	259.73	231.86	229.58	245.7	294.03	278.79	263.66	246.83	165.24	166.32	166.01	168.91
CTSC	1934.13	2353.3	1538.03	1713.12	2007.54	1967.1	2503.88	672.82	606.01	678.55	597.91	985.68	965.11	965.11	898.87	771.43	739.68	725.9	757.97
CYP4F3	78.91	92.91	88.55	89.42	173.73	180.89	177.45	534.63	585.4	528.76	552.6	477.05	507.56	453.31	501.8	1149.9	1218.62	1261.84	1222.73
DAPK1	123.83	144.68	139.54	135.31	127.52	133.42	134.94	376.02	284.77	346.51	374.38	784.99	816.99	705.14	803.75	271.65	353.12	343.52	323.17
DCC1	2113.35	2254.39	2094.04	2195.32	1211.95	1379.02	1205.96	415.85	334.75	367.7	350.93	315.57	297.18	288.09	245.7	352.7	379.06	348.79	347.9
DCN	81.73	79.1	90.12	82.04	70.02	74.93	78.85	354.78	310.32	343.89	321.28	321.51	349.17	320.49	295.56	915.67	915.32	969.97	1022.43
DDEFL1	760.89	609.33	692.4	730.51	759.52	758.59	552.55	1940.59	1987.77	1965.09	1975.62	3192.99	2995.38	3209.33	3303.67	1629.43	1561.42	1800.31	1485.3
DDIT3	249.96	189.68	282.78	289.94	219.92	193	148.57	1176.97	1650.73	1878.04	1698.87	1218.32	1164.2	1215.19	1211.93	794.54	725.05	687.52	707.73
DDX39	7642.8	7635.63	7997.39	7886.49	6744.22	6943.33	7014.46	2245.32	2409.61	2620.73	2557.78	2862.89	2472.46	2352.44	2414.92	3557.36	3091.17	3265.83	2806.84
DEPDC1	858.15	885.18	842.43	854.48	782.08	852.97	768.75	421.66	362.89	425.53	451.1	266.52	274.27	236.76	247.54	251.19	305.09	266.07	275.81
DHFR	386.17	473.43	443.02	481.91	225.92	243.76	268.39	109.86	89.12	100.51	106.33	116.52	98.72	97.18	88.8	116.85	104.52	96.4	105.55
DKFZp762E1312	629.69	727.56	595.88	623.9	900.22	849.54	989.37	327.64	292.26	315.32	281.71	297.18	238.76	253.56	250.13	264.42	235.79	252.77	247.92
DLG7	2118.99	2307.24	1968.14	2028.56	2493.99	2327.93	1641.78	675.78	558.09	576.44	588.79	444.52	406.55	393.05	369.19	662.31	759.87	665.73	689.36
DNA2L	355.63	372.55	361.07	367.95	225.79	253.05	203.77	106.55	95.67	120.27	114.01	132.7	133.89	134.18	134.05	91.76	114.16	95.35	104.73
DNMT1	8283.88	8083.5	8163.96	8060.28	6563.74	6629.72	6596.69	3910.33	3336.29	3849.57	3433.74	2260.54	2293.94	2286.96	2534.79	1325.44	1377.11	1370.53	1389.9
DONSON	559.86	674.89	610.86	583.23	690.43	629.24	475.46	293.89	256.36	303.19	241.76	289.23	250.17	256.11	242.77	214.66	227.19	241	263.01
DPYSL3	244.89	236.02	214.97	221.17	226.86	239.76	198.22	125.55	96.55	110.73	117.1	102.84	103.16	94.58	103.49	109.36	111.57	106.37	111.85
DUT	2602.74	2608	2634.5	2516.46	1690.81	1777.48	1539.13	694.49	524.66	620.34	612.13	809.7	752.68	637.53	628.03	664.87	665.18	628.05	676.72
E2F2	1530.3	1419.29	1490.83	1511.36	731.42	731.75	781.46	296.32	248.64	278.13	257.39	228.29	219.93	248.04	254.26	257.82	291.63	309.62	284.71
EFHD2	8961.58	8187.95	8783.32	8961.58	7344.79	7829.47	11885.02	4186.09	3805.63	4020.89	3869.71	3083.66	3133.97	3233.94	3236.15	4031.69	4006.84	4231.28	4079.27
ESCO2	575.99	603.5	470.39	525.11	353.2	430.24	325.65	165.69	149.52	119.22	153.84	125.24	128.98	138.2	108.87	89.23	113.65	103.67	120.03
ESPL1	324.06	320.41	347.01	327.59	335.81	333.33	296.15	134.65	137.27	157.52	143.01	106.7	104.58	103.35	111.91	139.83	162.48	173.97	147.64
EXO1	1413.96	1485.62	1446.86	1302.94	1047.4	1056.39	603.73	405.97	295.25	332.25	320.33	258.92	252.38	283.87	229.2	254.23	250.67	257.16	244.32
FAM134B	149.74	138.82	134.57	132.52	158.58	152.49	141.17	367.95	378.55	372.96	310.28	683.07	665.94	658.2	601.71	539.28	636.66	538.11	549.79
FAM43A	259.93	220.58	252.5	260.64	211.98	219.92	234.5	540.75	619.54	589.93	579.57	482.25	481.91	505.78	474.98	508.79	509.69	493.47	487.81
FAM81A	234.62	244.81	189.36	200.07	122.64	135.52	139.77	80.96	81.03	71.5	73.53	88.81	67.18	70.06	83.54	73.47	76.57	85.35	68.96
FAM83D	2071.48	2195.32	2072.78	2096.06	2365.2	2324.81	1555.08	808.77	673.44	812.7	805.1	863.38	812.7	784.99	791.93	718.07	681.77	803.7	789.69
FANCI	2296.28	2325.08	2192.14	2221.01	1622.44	1735.05	1363.94	741.47	700.29	678.72	732.53	524.94	545.44	455.86	480.5	527.85	531.35	531.89	587.41
FBLN1	256.46	273.95	317.86	297.93	243.24	196.84	183.52	721.75	759.44	732.94	719.33	573.4	496.25	491.22	449.18	922.78	851.75	935.15	877.54
FDPS	1075.36	1089.66	951.39	933.99	599.25	784.38	975.3	326.53	350.58	305.89	312.04	398.71	365.45	348.35	320.49	408.02	295.11	308.58	321.59
FEN1	831.2	968.6	811.02	911.15	541.36	543.23	340.84	258.03	231.41	228.54	228.05	192.03	176.29	159.39	189.29	149.29	146.91	138.38	149.73
FHOD3	1180.19	1047.5	1171.77	1158.29	466.64	449.52	609.56	190.99	184.36	180.81	185.71	244.76	256.4	239.93	254.88	207.56	286.01	277.57	227.7
FLRT3	5774.37	5213.82	5213.82	4986.06	6231.74	6041.77	3492.39	15527.09	15873.85	15873.85	16466.23	21034.31	18999.59	16293.08	17427.05	10909.82	11724.55	10270.9	11372.52
FOXO3	896.84	931.7	1079.68	1026.69	1054.53	943.1	824.54	2118.99	2045.58	2219.87	2130.6	2622.47	2312.49	2091.82	2856.42	2171.13	2187.64	2164.07	2244.2
FXYD3	763.84	712.29	653.07	717.93	400.36	411.43	455.77	1163.13	1285.15	1220.07	1116.32	2464.09	2557.78	2605.77	2359.2	1581.13	1304.35	1270.72	1358.05
GEMIN6	2133.23	2132.21	1796.1	1862.35	1735.05	1733.32	1422.63	815.78	862.95	864.86	851.76	715.04	876.41	990.36	868.05	907.05	767.44	816.46	839.74
GINS2	5029.02	5035.46	4769.18	4495.94	3977.98	4035.17	3252.35	1250.2	1066.16	1282.02	1036.12	641.71	592.41	594.51	553.74	941.08	880.7	806.29	858.82
GINS3	1310.96	1249.03	1148.02	1171.29	905.41	914.93	999.67	347.68	293.22	303.68	284.53	328.73	341.52	322.16	301.87	441.34	456.69	450.77	445.43
GINS4	508.99	612.47	502.78	467.31	917.35	874.59	561.91	223.08	232.81	225.98	207.03	174.65	154.21	154.01	164.03	263.01	245.26	237.51	264.19
GJB2	3293.06	3206.04	3259.17	3049.23	3385.79	3172.63	3579.51	606.82	392.13	397.76	409.9	592.78	575.21	614.56	500.95	650	677.59	633.88	633.16
GPSM1	229.8	208.79	214.65	216.42	271.09	302.98	490.07	1523.73	1618.43	1497.29	1522.93	1498.85	1398.78	1552.96	1486.16	1355.03	1283.1	1350.35	1175.77
HELLS	412.02	463.74	408.63	378.78	338.29	308.99	246.44	167.47	130.76	144.47	147.35	127.29	130.04	119.79	116.67	92.96	100.73	104.57	112.14
HIST1H1C	1240.63	1099.1	1072.99	1078.72	561.91	608.32	1275.69	3579.66	4107.01	4064.7	4051.27	4200.52	4294.21	5323.11	4350.61	5669.35	4464.23	4831.95	4677.82
HIST1H2BD	516.4	566.41	500.26	470.52	261.1	232.79	312.34	1576.13	1856.75	1650.73	1618.43	973.65	1155.64	1187.28	1064.93	2159.41	1687.89	1770.64	1895.72
HIST2H2AA3	761.78	706.12	673.44	680.91	461.43	446.92	1065.97	2504.99	3236.15	3063.19	3047.43	1866.2	2329.04	2886.16	2520.45	3550.73	2608.27	3048	3055.17
HIST2H2BE	236.02	301.55	230.36	255.21	262.01	254.89	899.53	2526.26	2308.73	2292.94	2341.7	2541.88	2461.56	2484.89	2456.57	987.51	1038.4	1078.52	1136.52
HLA-E	1786.46	1825.04	1839.07	1803.02	1766.72	1658.34	2081.21	3664.91	3846.77	4090.38	4203.34	4363.95	3775.83	3842.32	4174.15	4910.79	4883.65	4779.78	4635.55
HMGB3	1415.82	1672.19	1518.36	1453.88	1341.72	1263.24	1338.46	384.25	348.52	396.21	401.1	540.9	473	483.66	529.83	389.76	497.24	516.97	491.72
HSD11B2	166.66	179.34	191.3	186.55	153.81	137.86	134.04	517.45	595.29	652.24	655.94	920.42	902.32	873.13	956.29	1838.38	1708.83	1684.9	1784.95
HSD17B8	470.88	501.92	504.15	519.92	669.82	612.39	456.22	1215.19	1794.07	1623.31	1505.43	1584.19	1634.82	1607.7	1762.2	1213.83	1019.88	1106.65	1062.59
HSPCAL3	1313.77	1183.98	758.88	933.05	911.03	1038.9	970.81	443.12	547.89	494.18	518.4	373.73	450.36	485.84	409.26	176.07	155.8	158.24	166.51
HSPE1	21856.78	23204.85	20400.38	20819.58	17600.44	16866.07	10601.96	7163.11	7402.04	7897.88	6860.19	7209.69	9168.64	9918.14	8961.58	7644.95	7369.76	8137.67	7866.02
IL1R2	572.97	562.75	490.68	493.8	495.87	482.71	782.08	143.93	112.24	122.43	121.12	100.84	95.1	110.8	97.5	239.16	223.41	233.7	205.82
INSIG1	2782.01	3886.32	2414.92	2533.3	4136.86	3763.41	2413.56	1079.22	1307.48	1148.8	1242.13	1340.75	1465.45	1335.94	1359.4	978.29	1086.42	1036.96	1089.32
KCNB1	88.01	84.62	91.33	92.57	191.84	211.83	137.73	481.5	417.85	422.93	480.19	626	572.03	583.41	616.12	511.79	584.23	554.82	542.97
KIAA0513	142.96	125.1	141.18	144.57	136.06	125.85	135.34	290.71	287.31	314.06	272.6	405.42	431.38	429.08	415.43	488.57	513.99	538.44	520.74
KIF11	872.03	1020.55	1015.43	954.11	1479.2	1410.96	1018.27	500.5	373.28	371.05	436.23	453.4	367.5	421.29	403.27	452.49	517.72	490.24	500.72
KIF14	764.64	809.35	895.6	916.47	861.31	876.41	731.42	373.73	307.39	344.09	349.29	295.96	214.75	225.93	276.1	196.15	222.07	217.7	201.09
KIF2C	1258.8	1107.76	1114.12	1170.87	1110.76	1097.17	972.16	496.67	440.34	457.78	478.84	353.74	363.09	377.03	355.05	506.97	475.8	540.06	483.24
KLHDC9	105.61	97.79	98.89	95.42	93.17	91.56	82.18	228.7	221.21	258.22	222.36	297.55	311.33	297.74	311.68	385.51	333.43	324.52	332.52
KNTC1	671.89	668.29	681.08	726.22	798.39	762.78	573.49	333.77	237.94	320.77	292.22	339.72	281.77	323.71	293.37	257.06	326.89	291.63	276.72
KRT6B	33778.38	30037.97	26450.3	28536.65	24563.44	24067.87	33548.85	13692.44	12981.52	12128.95	12021.47	11370.18	9713.66	10212.44	9483.99	6529.25	6690.98	6640.86	6330.94
LAMB2	429.08	382.77	409.16	415.18	383.72	372.8	451.49	868.05	884.43	928.43	846.89	1107.09	1299.84	1202.74	1502.81	2033.59	2162.85	2184.48	2172.47
LEMD1	235.17	252.73	218.97	234.79	141.14	139.37	190.62	1634.82	1714.71	1772.2	1577.98	555.54	573.78	635.07	662.35	952.49	846.03	909.52	838.63
LHPP	98.46	95.36	97.63	95.48	136.73	124.54	126.83	234.21	264.7	246.76	249.44	335.67	338.78	309.06	268	242.88	212.3	215.87	212.42
LMNB2	4131.24	4109.52	4245.14	4249.37	3922.28	3874.95	4962.29	2074.97	1896.01	1939.81	1937.47	1547.22	1295.51	1449.15	1660.31	1339.14	1389.9	1457.93	1270.72
LOC153222	134.3	143.63	161.49	162.51	171.3	178	185.39	504.15	485.15	460.81	505.14	606.39	646.53	569.91	627.62	787.51	976.56	865.42	932.82
LOC554223	92.4	96.77	87.01	97.07	112.74	113.99	136.44	293.13	342.91	318.43	289.99	315.32	286.4	303.8	260.64	213.15	232.95	215.33	213.72
LOC649679	925.95	1116.49	955	931.26	1014.52	1323.35	1797.47	414.26	483.83	479.96	443.68	388.21	394.22	337.32	429.35	305.88	295.44	300.81	275.33
LOC729843	663.11	557.47	735.74	713.4	694.66	757.16	1103.59	1460.86	1763.9	1779.12	1687.13	1982.81	2297.53	2405.92	2567.52	3165.23	2741.13	3218.82	2829.37
LOC91431	342.29	394.31	351.6	378.08	267.61	291.46	308.46	132.8	124.25	135.82	121.79	146	121.03	130.54	138.97	118.21	127.47	122.28	121.29
LOH11CR2A	129.3	138.88	131.36	129.87	146.12	158.96	180.76	594.96	590.24	575.06	642.53	454.74	518.87	455.98	478.33	555.4	568.86	581.96	546.48
LRP8	1184.42	1300.27	1179.72	1046.21	1074.65	1092.29	827.23	250.81	238.93	218.58	224.62	184.36	179.39	162.38	184.99	118.44	124.49	133.07	124.94
LYRM5	599.79	654.5	596.89	599.9	664.87	622.81	631.74	1443.83	1531.74	1367.1	1408.81	1694.7	1719.91	1828.45	1597.62	1233.66	1358.05	1273.7	1419.16
MCM2	848.04	831.2	848.42	804.89	1034.57	857.79	866.41	244.44	224.21	217.63	231.86	209.68	232.95	216.29	206.88	376.73	397.47	431.46	416.55
MCM3	1000.12	1078.36	1143.24	1125.43	805.67	813.48	511.99	253.09	162.76	214.65	214.13	307.72	261.1	248.59	267.35	254.32	266.85	245.69	270.3
MCM5	1044.35	1010.4	927.9	1023.99	1246.28	1194.76	967.08	367.09	326.62	423.73	412.64	208.65	199.72	201.28	211.78	416.28	364.72	421.25	391.6
MCM7	15353.2	15771.86	15058.95	15275.59	11158.3	11102.25	8507.03	2871.23	2206.83	2528.29	2346.15	3142.52	3026.24	2845.84	2664.43	5592.25	4904.21	5538.95	5054.29
METTL3	1078.72	1339.23	1151.06	1094.72	1111.21	1059.99	680.06	483.66	380.25	381.29	410.05	512.3	489.96	445.78	398.98	425.62	459.77	422.19	461.89
MLF1IP	534.1	587.58	559.86	581.45	535.87	591.97	737.86	243.49	191.36	186.14	196.97	193.76	181.87	182.98	188.31	242.15	268.91	243.55	246.51
MLKL	5249.09	4753.12	4023.45	4530.56	2175.73	2237.29	2279.14	938.07	836.29	885.49	805.63	726.91	720.38	691.33	665.94	1165.12	1084.45	1080.32	1116.31
MME	245.57	242.09	275.26	251.74	243.36	246.28	155.04	582.06	492.48	537.62	606.39	1427.67	1268.85	1178.24	1375.28	1377.11	1631.85	1622.44	1644.59
MOSC1	377.75	430.98	382.3	377.13	230.72	230.72	192.37	99.26	83.53	87.08	90.56	81.79	73.87	76.5	95.95	140.99	125.96	133.42	126.8
MRTO4	1128.17	1382.87	1063.63	1120.36	1052.32	984.25	966.11	498.93	518.53	545.24	538.2	462.45	439.85	534.1	419.46	465.94	325.88	373.93	345.38
MSH2	665.33	781.9	583.41	622.85	410.48	515.61	439.7	222.56	194.14	181.38	216.37	258.61	267.23	255.21	247.21	171.3	207.51	212.42	245.54
MSH6	5507.17	5520.19	5044.08	4801.5	4028.54	4181.32	4699.19	1600.83	1523.73	1601.66	1619.92	1619.33	1872.33	1894.2	1709.81	1724.79	1871.76	2045.04	1846.46
MSX1	446.62	409.48	425.86	430.81	331.98	342.06	407.65	183.84	172.11	164.98	179.39	169.13	165.69	151.57	155.73	185.54	160.59	182.96	166.55
MT1G	4837.83	4289.87	3899.34	3936.06	4561.2	5306.32	8976.74	830.98	726.75	851.96	851.25	217.46	304.52	598.39	513.06	1983.64	1738.84	1982.39	1940.2
MTBP	382.77	420.08	417.04	455.62	305.09	306.22	221.26	171.97	167	157.72	168.77	171.22	148.56	138.88	140.71	116.52	150.78	132.67	134.35
NCAPD3	468.28	503.45	411.57	430.28	392.28	431.95	366.06	178.97	140.71	148.34	158.21	152.92	149.42	154.1	166.66	119.14	140.32	144.95	143.52
NEIL3	463.74	512.87	519.18	520.85	453.79	429.06	209.41	199.29	163.59	172.3	176.9	154.25	139.4	135.2	133.54	137.54	145.78	157.15	163.96
NETO2	6512.96	6699.96	7153.73	6896.34	6486.45	6400	6098.13	3453.11	2889.5	3218.15	3469.58	2883.14	3107.38	2916.15	2737.43	1457.93	1784.95	1687.89	1752.72
NFE2L1	1007.56	830.51	1026.38	1019.16	836.03	796.61	904.24	1923.01	1921.21	2015.58	1972.16	2950.01	3476.28	3307.57	3611.07	2550.14	2984.56	3050.07	2797.94
NFIL3	1049.74	1034.71	967.23	987.76	476.02	545.15	627.36	2192.14	2033.14	2048.23	2192.81	2536.85	2746.44	2442.25	2554.68	2122.64	2370.79	2444.56	2433.4
NGFRAP1	482.4	503.1	466.07	455.72	505.65	494.11	412.79	911.99	1078.72	1076.16	965.11	1257.64	1552.6	1661.96	1512.71	1106.65	1011.98	1000.74	970.44
NUP205	3816.83	3554.93	3856.49	3939.35	2531.29	2743.36	2851.6	1465.45	1280.6	1370.03	1619.33	1417.71	1305.52	1453.41	1400.37	878.96	1197.05	1127.95	1064.07
OIP5	790.17	788.35	769.66	766.42	741.14	743.94	713.01	264.65	298.13	307.33	327.92	231.12	234.09	227.92	249.62	321.27	329.7	348.51	320.84
PAQR4	2947.91	2841.24	2728.02	3056.92	1898.59	1925.25	2030.64	1150.65	1004.14	904.34	960.77	641.53	628.77	654.07	524.83	865.69	762.78	857.09	752.17
PBK	5406.94	5445.84	5323.11	4858.33	3447.84	3352.39	2710.81	1842.45	1692.8	1671.55	1480.63	2063.92	1990.86	1838.48	1704.33	1036.1	1106.65	934.03	1115.01
PCNA	13250.49	16041.99	13200.94	12981.52	11724.55	13329.06	12168.71	4825.71	4220.29	4397.68	4587.44	7055.23	6771.83	6437.43	6089.85	3279.48	3634.39	3476.6	3936.83
PDSS1	948.33	992.66	1053.48	998.52	1004.93	975.72	560.31	351.68	358.82	338.2	333.04	426.88	385.78	353.87	358.57	225.92	242.15	203.27	227.77
PDXP	1279.56	1270.39	1404.05	1288.81	1182.35	1155.17	1097.41	488.63	539.54	562.63	546.62	561.59	572.3	591.45	536.72	380.16	293.54	348.38	285.62
PEX11G	193.31	178.85	205.23	206.78	270.22	268.23	275.42	608.55	805.86	732.77	723.62	578.14	578.6	737.33	655.14	619.67	485.8	466.79	459.96
PHLDA3	668.88	623.9	715.43	741.47	776.51	782.08	1157.31	1544.84	1659.63	1716.4	1630.33	1641.15	1577.5	1772.2	1668.1	1664.09	1712.78	1702.48	1774.82
PKMYT1	762.62	827.17	788.8	791.68	811.8	721.36	755.04	407.65	318.43	409.16	340.65	261.94	200.25	157.52	213.96	261.1	250.52	234.5	270.9
PLCD1	128.85	121.64	136.01	143.32	263.59	224.17	205.98	489.58	575.06	573.78	531.63	511.32	476.94	532.78	502.02	467.55	467.82	490.07	472.67
PLEK2	1707.64	2057.25	1794.69	1523.73	2001.4	1929.37	3214.4	898.58	669.8	786.97	782.63	291.32	316.6	278.06	236.66	529.89	521.4	494.74	518.06
PLK4	1248.03	1497.75	1224.05	1198.49	1172.33	992.72	682.26	579.14	434.29	515.68	459.13	317.02	287.57	277.23	297.03	234.05	260.72	238.72	250.04
POLA2	1204.81	1075.36	960.14	834.38	1083.32	1026.47	1065.54	318.1	324.37	340.35	348.19	275.19	227.03	251.28	227.12	319.02	278.04	264.85	258.1
POLD1	1016.47	1008.81	1151.91	1091.71	991.71	985.12	1165.64	345.68	264.17	314.21	279.3	334.25	321.35	310.48	367.95	501.93	474.8	513.77	485.48
POLE2	1014.54	1091.71	909.5	928.92	802.63	774.8	453.18	194.42	139.16	176.44	168.23	132.39	129.35	126.76	123.1	194.51	169.79	184.24	182.69
POLQ	738.75	868.05	694.71	746.83	591.59	634.38	659.84	229.47	237.56	232.89	232.75	222.77	215.14	192.95	201.47	146.91	171.92	172.8	173.84
POLR3K	1321.49	1622.59	1521.52	1495.57	1146.77	1215.45	1059.99	572.3	568.75	581.64	542.71	362.52	411.57	457.78	417.62	297.78	272.16	289.5	304.83
PPIL5	2413.67	2423.3	2431.44	2622.47	2041.53	2082.24	1979.82	1154.97	1013.9	1060.93	1030.61	729.86	759.9	792.24	679.43	459.96	471.06	469.6	500.35
PPL	534.29	456.53	619.71	608.55	887.94	847.19	472.18	3343.39	2977.16	3145.55	3289.04	2399.24	2662.25	2609.39	2965.99	3299.03	3887.32	4039.95	3766.15
PRC1	3933.39	4388.07	3981.84	3752.22	5046.72	4734.11	3951.2	1597.62	1363.28	1548.04	1498.85	1162.56	1143.24	1173.71	1281.06	1926.47	2120.42	2190.89	2115.31
PROS1	318.49	322.59	326.69	330.35	463.38	458.42	550.44	1428.59	1437.87	1312.61	1444.39	3038.7	3132.38	3003.59	2766.72	3167.58	3468.12	3132.62	3279.48
PRPF38A	619.71	557.55	571.22	530.04	583.55	522.85	452	315.92	256.51	246.39	257.03	282.28	247.84	255.13	258.28	222.66	239.43	204.31	228.85
RAD54B	554.9	660.67	499.79	505.78	440.45	430.08	246.93	203.24	163.55	179.65	155.29	229.96	181.7	210.96	202.12	174.39	213.28	204.04	190.39
RAD54L	655.31	752.34	715.66	707.58	593.62	579.25	645.6	173.18	144.25	167.83	171.38	161.17	137.6	132.39	137.83	179.97	218.16	193.67	191.08
RECQL4	286.92	253.84	222.18	248.73	258.95	241.27	271.9	113.68	118.51	110.33	94.33	109.14	97.59	102.57	105.18	101.56	110.93	119.99	109.06
RFC3	958.53	974.61	833.46	843.03	700.77	760.51	651.25	354.51	308.74	328.28	311.95	237.88	251.28	240.17	208.52	199.78	189.23	199.27	200.44
RFC4	3539.95	3572.11	3433.74	3407.01	2344.84	2430.33	2307.95	1486.16	1442.62	1409.69	1391.52	1215.19	1195.38	1128.17	993.68	1003.72	1057.93	980.45	1072.67
RFC5	2029.57	2228.15	1840.12	1779.12	1899.77	2036.3	1765.79	583.23	546.62	530.2	578.6	557	552.75	532.22	505.02	820.79	746.56	772.4	721.67
RIOK3	2002	1756.14	2297.53	2361.42	2021.86	1942.1	1883.12	6975.53	5889.53	7071.93	7141.76	4370.52	4350.61	3849.57	4207.37	5132.01	5170.67	5279.55	5657.5
RNASEH2A	1026.08	911.99	910.55	986.44	1236.04	1123.08	1003.72	419.55	415.5	475.73	392.02	303.74	319.65	309.22	275.13	516.97	457.35	466.45	463.25
RRAGD	86.1	82.79	93.66	85.27	93.36	90.33	116.52	235.09	234.62	246.33	255.72	298.49	259.4	284.66	275.54	988.08	958.25	1002.17	950.06
RRM2	1146.96	1378.71	1174.08	1230.9	907.05	828.51	377.58	385.78	222.77	297.82	276.21	209.56	171.2	165.5	167.92	157.44	172.46	169.85	173.37
SDCBP2	732	659.78	714.18	683.99	902.65	907.85	1412.87	4165.02	4542.62	4169.99	4195	2200.67	2221.01	2380.94	2240.42	2117.87	2020.35	2207.76	2110.71
SERTAD4	824.05	798.71	838.24	803.96	500.49	528.29	533.51	130.31	126.62	117.28	128.03	132.28	129.4	137.6	133.78	163.57	188.17	196.72	205.93
SFPQ	2985.17	2531.3	2470.99	2496.12	1738.04	2264.06	2146.12	1180.19	1142.79	1123.81	1125.1	1074.16	1093.16	1150.65	1052.74	955.79	1081.81	1008.57	1134.03
SFRS2	11023.55	11683.7	10613.94	10105.89	10760.98	11251.25	9706.57	4664.21	4314.7	3951.36	3839.4	4804.12	4582.85	4545.76	4314.7	3238.07	3476.6	3382.73	3485.94
SHCBP1	584.6	617.97	482.55	517.12	315.86	390.91	362.16	224.37	225.07	193.91	229.91	166.09	161.06	119.81	140.64	111.71	123.31	135.43	139.05
SIDT2	729.54	662.35	704.8	750.13	596.49	606.43	626.18	1267.07	1481.57	1441.4	1453.88	1587.47	1733.82	1723.76	1897.82	2235.87	2396.38	2311.52	2497.15
SLC25A10	1456.45	1443.83	1389.95	1327.91	727.74	767.71	785.42	423.73	403.62	425.86	402.23	520.25	461.65	459.4	425.86	481.75	389.15	443.84	427.28
SLC25A13	1650.73	1627.12	1413.96	1513.61	821.42	928.46	897.56	406.55	377.13	400.77	461.54	424.58	393.05	400.39	391.69	399.4	409.35	355.46	379.76
SLC45A3	338.14	339.85	310.4	340.19	198.43	197.88	223.18	96.27	79.86	95.99	88.62	62.11	71.22	65.91	81.11	92.84	98.25	97.7	97.86
SPC25	728.91	726.75	615.28	585.24	568.86	545.45	444.66	141.29	140.24	137.08	144.25	116.93	112.4	122.03	110.05	154.16	155.6	157.44	149.01
SRPK2	290.31	273.43	247.62	294.47	333.91	292.86	198.33	1102.93	1550.77	1578.58	1643.6	2187.6	2261.53	2294.85	2255.73	719.92	579.25	585.65	607.27
ST6GALNAC2	173.6	176.05	170.43	186.01	180.76	188.74	217.08	486.55	402.48	393.81	398.17	974.39	966.94	965.42	966.94	693.2	760.85	699.95	648.35
STAT2	582.5	612.77	559.21	543.42	989.37	894.1	1381.54	2569.03	3152.55	2652.37	2567.52	2697.33	2664.43	2562.61	2635.57	3195.94	3245.37	3125.96	2780.33
SUV39H1	1395.54	1316.39	1272.36	1252.58	1253.66	1244.58	931.99	510.71	526.33	510.43	548.5	411.57	397.76	390.86	375.44	545.92	506.97	558.14	529.28
TACC3	965.11	959.95	1036.52	953.02	1411.81	1293.94	1647.45	459.13	468.05	492.18	510.13	323.71	313.04	280.73	347.52	465.23	502.75	470.21	482.56
TAF5	416.94	404.47	388.77	406.42	416.42	388.34	313.99	188.7	148.83	156.65	171.01	151.59	154.86	127.71	155.46	173.78	193.36	173.47	208.45
TERF1	477.44	368.82	421.36	424.76	587.68	603.22	554.65	1550.77	1759.65	1673.66	1857.57	1315.85	1273.79	1263.56	1203.84	1055.42	994.98	907.05	954.43
TIGA1	2282.18	2130.6	2565.98	2624.34	2334.27	2466.43	3295.88	8697.58	8248	8711.06	8315.32	7733.63	8769.02	10338.92	10145.6	11483.86	10935.29	10697.7	10409.04
TIMELESS	1474.38	1534.1	1350.95	1482.92	1517.72	1388.57	1134.97	707.33	568.22	634.13	646.32	447.24	456.95	448.44	491.93	435.69	458.42	465.41	421.57
TINF2	661.27	810.78	542.71	586.47	1095.59	1006.91	728.63	2116.14	2138.71	2021.55	2125.38	1865.52	2024.81	1658.74	1471.38	2071.33	1835.27	1914.57	1792.46
TK1	2053	1988.79	2252.72	1977.78	2361.66	2110.71	2152.08	836.99	667.82	727.56	682.91	461.9	433.24	410.19	394.79	903.82	730.17	732.68	760.51
TMC4	136.91	123.07	130.34	129.29	157.36	177.35	182.43	577.45	681.31	611.76	634.33	452.42	407.55	419.34	405.83	657.59	586.85	593.88	543.67
TMEM158	887.34	907.29	772.66	802.04	729.91	776.51	1997.29	329.04	404.38	372.66	354.43	338.14	385.89	379.51	339.72	209.16	176.02	187.95	191.38
TMEM171	215.54	245.7	194.42	179.28	240.76	233.62	346.46	114.43	96.26	104.98	97.66	88.16	80.37	78.84	86.36	90.55	99.99	90.38	95.09
TMEM20	499.53	467.42	459.71	410.25	462.93	476.19	349.44	200.46	195.4	195.04	188.02	188.23	198.67	191.26	181.31	162.79	143.48	145.78	153.46
TNFRSF14	229.96	227.08	243.8	250.38	151.41	169.85	414.63	515.84	644.23	559.21	532.5	650.94	603.31	639.03	565.06	576.26	504.93	497.47	482.4
TRIP13	2653.93	2802.8	2374.1	2597.12	2473.73	2519.48	2255.62	899.02	793.62	913.27	907.86	555.65	554.02	517.72	517.83	633.63	624.02	640.75	668.28
TTK	1818.42	2062.88	1887.24	1842.45	1537.69	1488.92	1401.91	790.89	671.23	647.01	824.55	509.76	452.16	439.46	444.25	519.42	574.79	526.61	515.85
TUBA4A	5473.38	5194.92	3829.9	4242.17	3631.25	4779.78	6650.21	1743.34	2180.97	2052.39	1985.98	1890.07	1836.99	1874.86	1979.27	1464.2	1332.41	1469.1	1522.26
TUBB2C	7332.62	7923.52	8015.58	6529.07	10963.85	10669.54	11643.63	3252.41	3384.98	3664.91	3377.22	2959.98	2735.98	2504.99	2982.96	2747.04	2416.17	2416.17	2401.32
TUBB4Q	953.24	1007.98	777.35	751.32	999.67	1252.45	1564.8	432.79	418	471.58	445.03	324.13	355.22	332.97	334.49	319.27	272.33	303.62	336.68
TXNIP	3642.46	2790.97	3597.28	3581.92	4125.64	4055.85	1655.29	24387.41	26688.05	25346.19	25941.27	26947.16	25840.33	24138.26	21034.31	23670.91	24713.49	24648.66	23596.67
TYMS	2630.45	3328.94	2711.44	2655.06	3216.74	3622.41	2939.68	991.01	794.24	1002.17	913.27	1093.52	1032.9	960.14	1000.86	1170.58	1122.58	1131.24	1290.55
UHRF1	3814.4	4156.37	3614.45	3763.89	4388.16	4365.62	4139.87	1001.53	788.8	946.88	941.8	758.88	643.76	666.04	670	646.62	731.75	720.75	749.21
VAMP5	207.11	195.81	205.82	220.87	146.99	147.64	144.39	371.12	412.37	403.27	376.1	444.4	462.34	498.58	485.31	470.77	411.14	412.04	400.68
VRK1	1458.19	1736.55	1419.29	1454.72	1805.26	1977.77	1374.22	675.26	641.87	680.61	722.09	536.13	541.17	444.25	490.26	528.45	552.16	528.68	562.77
WDHD1	242.77	289.82	257.27	231.86	268.32	251.83	184.98	119.41	97.97	109.2	121.34	127.09	118	126.55	116.39	113.26	114.27	118.07	122.82
WDR79	536.93	483.49	492.58	488.37	418.55	441.63	515.61	168.08	177.68	186.98	170.5	177.57	188.7	168.1	174.75	227.85	191.84	218.68	186.9
WIPI1	268.24	274.5	272.49	242.29	284.2	273.66	373.78	856.13	857.79	775.84	757.04	807.39	910.87	865.78	844.11	590.95	614.66	598.98	627.59
XPC	1040.28	910.27	1013.37	985.68	1190.48	1158.76	1450.35	2337.6	2284.63	2269.16	2504.99	3250.23	3411.8	3017.85	3490.39	2068.63	2782.06	3012.64	2686.11
YPEL5	1044.52	1064.48	1125.43	1085.59	1063.1	980.07	1702.48	2664.43	2187.6	2225.25	2387.78	3411.8	3395.29	3324.11	2945.79	3382.73	4010.26	3951.2	3974.6
ZBTB43	568.03	561.13	588.1	539.67	735.96	711.43	952.49	1434.93	1397.48	1263.56	1423.19	2135.97	2084.4	2089.36	2076.32	1796.51	1741.59	1796.51	1898.59
ZNF467	131.93	126.55	122.33	126.67	75.9	77.53	91.08	222.89	273.69	248.53	260.14	246.39	247.48	258.61	233.08	1350.35	925.5	993.64	934.03
